n_issues: 6
n_negotiators: 2
n_outcomes: 15625
opposition_level: 0.09230520028687417
rational_fraction: 0.999872
